[myMap_0]
X=1068
Y=930
Width=2742
Height=2196
x_scale=0.450036469730124
y_scale=0.355646630236794
[4_0_map]
X=1878
Y=1728
Width=888
Height=630
x_scale=1.38963963963964
y_scale=1.23968253968254
